197
237
171
167
131
159
262
197
304
274
338
201
140
364
236
177
106
367
225
355
328
366
254
333
387
221
357
308
396
108
287
216
162
317
309
161
211
255
102
216
113
381
360
157
110
158
114
208
325
145
247
174
175
290
229
386
354
136
391
116
228
152
176
387
156
156
328
116
308
183
273
311
345
194
207
339
309
179
391
116
199
278
178
213
214
164
247
304
293
393
147
310
359
365
382
156
165
258
171
382
253
231
332
193
310
355
194
382
339
366
217
285
171
261
173
352
310
376
329
263
179
153
131
390
263
119
140
388
118
399
159
357
260
311
212
144
306
314
337
240
304
262
393
125
124
192
216
113
338
108
110
141
375
301
324
228
161
268
102
140
245
334
178
157
363
152
229
291
238
393
318
123
113
239
276
174
280
119
148
181
276
228
326
212
183
261
397
363
382
145
282
258
165
318
354
299
141
185
202
193
138
350
189
166
330
229
133
277
106
369
308
160
243
240
148
387
296
161
141
375
183
376
294
215
367
372
208
266
145
346
351
199
345
333
350
371
355
203
341
201
292
234
308
275
297
105
263
158
293
274
357
316
358
142
187
396
126
251
282
397
208
222
351
294
244
265
308
201
319
128
116
131
200
266
324
178
372
239
157
313
219
342
225
159
360
168
397
148
389
347
394
363
325
101
151
371
360
138
200
209
137
323
171
270
108
206
128
385
333
302
361
192
338
215
283
396
188
185
316
398
234
128
278
320
108
353
286
353
169
243
296
162
295
326
319
301
341
323
157
153
291
329
110
378
380
361
332
339
309
158
110
348
238
399
205
168
387
142
320
267
252
142
213
382
116
129
283
190
176
246
236
393
260
142
330
324
317
313
137
215
315
236
246
295
159
257
290
244
288
314
220
223
151
254
235
221
371
361
246
344
133
330
285
157
320
304
386
196
242
398
286
323
295
154
323
325
398
382
240
303
160
343
132
374
178
153
170
103
220
258
232
370
384
377
155
109
210
165
136
237
210
196
251
319
374
393
381
253
158
109
330
281
286
120
190
104
109
211
209
289
176
299
143
362
361
329
216
353
296
124
347
146
377
349
166
266
287
158
337
271
336
165
211
151
249
304
293
266
276
233
186
214
170
309
335
371
233
370
191
385
197
180
189
215
358
156
294
310
198
339
178
277
246
356
379
208
238
224
265
332
308
351
101
343
234
172
271
255
358
207
236
163
197
392
229
336
243
376
286
226
274
320
190
319
281
111
134
228
218
136
228
122
238
151
205
279
258
386
381
274
205
297
212
228
360
394
102
183
386
316
120
258
104
306
168
162
288
172
269
120
101
335
286
107
327
197
147
112
181
309
236
332
111
368
393
369
176
203
336
390
145
386
349
211
232
323
394
290
243
324
118
282
100
273
370
341
397
215
206
214
241
132
253
313
220
116
304
376
271
215
123
317
269
146
393
191
233
380
238
184
124
239
284
321
180
350
318
398
362
249
296
269
216
207
349
358
313
261
288
337
373
218
269
263
283
189
195
260
115
102
203
260
212
322
195
127
281
168
306
250
228
132
282
292
398
285
332
338
301
142
160
292
104
137
368
216
308
351
364
121
278
284
103
300
319
328
371
114
175
165
388
171
295
269
138
368
373
120
143
162
156
223
140
323
248
317
267
247
152
183
267
166
165
138
238
375
253
205
240
230
243
234
123
314
116
135
266
117
130
233
249
304
398
199
115
236
324
214
278
356
204
112
354
263
349
305
149
341
311
389
357
357
304
258
322
216
126
371
230
390
213
272
301
341
326
164
318
326
373
294
344
140
254
251
315
329
135
140
160
174
265
360
368
105
368
107
333
219
156
172
210
299
179
236
252
168
141
183
210
363
336
201
173
341
157
395
315
305
146
385
164
376
278
326
210
249
165
274
126
367
261
397
334
371
394
371
210
152
218
310
371
355
289
185
112
317
196
243
153
333
226
311
137
115
365
272
377
144
344
391
214
317
199
367
349
175
338
163
340
214
232
185
272
294
304
322
377
255
347
277
218
172
249
127
215
233
331
322
282
343
216
272
232
304
247
130
109
162
383
276
117
380
165
307
223
379
271
110
212
139
202
114
236
325
354
355
244
205
156
180
334
355
327
382
338
307
231
273
355
129
125
122
309
340
133
343
171
111
171
320
103
163
273
222
373
343
206
255
110
331
378
106
339
344
130
292
263
382
182
170
203
123
334
198
196
198
262
197
240
133
116
218
244
178
212
314
112
293
305
237
158
257
132
325
206
377
319
217
289
100
