197 171 167 131 159 197 140 177 106 108 
162 161 102 113 157 110 158 114 145 174 
175 136 116 152 176 156 156 116 183 194 
179 116 199 178 164 147 156 165 171 193 
194 171 173 179 153 131 119 140 118 159 
144 125 124 192 113 108 110 141 161 102 
140 178 157 152 123 113 174 119 148 181 
183 145 165 141 185 193 138 189 166 133 
106 160 148 161 141 183 145 199 105 158 
142 187 126 128 116 131 178 157 159 168 
148 101 151 138 137 171 108 128 192 188 
185 128 108 169 162 157 153 110 158 110 
168 142 142 116 129 190 176 142 137 159 
151 133 157 196 154 160 132 178 153 170 
103 155 109 165 136 196 158 109 120 190 
104 109 176 143 124 146 166 158 165 151 
186 170 191 197 180 189 156 198 178 101 
172 163 197 190 111 134 136 122 151 102 
183 120 104 168 162 172 120 101 107 197 
147 112 181 111 176 145 118 100 132 116 
123 146 191 184 124 180 189 195 115 102 
195 127 168 132 142 160 104 137 121 103 
114 175 165 171 138 120 143 162 156 140 
152 183 166 165 138 123 116 135 117 130 
199 115 112 149 126 164 140 135 140 160 
174 105 107 156 172 179 168 141 183 173 
157 146 164 165 126 152 185 112 196 153 
137 115 144 199 175 163 185 172 127 130 
109 162 117 165 110 139 114 156 180 129 
125 122 133 171 111 171 103 163 110 106 
130 182 170 123 198 196 198 197 133 116 
178 112 158 132 100 