259 249 250 248 286 293 224 277 279 207 
221 273 255 252 250 260 216 244 283 205 
250 231 211 264 226 220 286 255 273 203 
213 216 204 279 235 277 267 281 249 250 
276 260 215 270 220 298 217 231 244 253 
283 235 256 279 209 253 288 285 221 256 
209 251 245 246 256 207 254 282 213 233 
292 238 284 209 269 231 238 260 292 244 
259 282 276 241 280 228 289 271 214 278 
234 295 254 202 285 258 234 242 222 236 
219 293 276 200 288 244 216 265 239 214 
291 202 233 286 219 268 280 264 222 210 
244 271 288 291 256 285 277 230 254 221 
257 248 277 229 275 287 233 284 246 217 
239 265 257 265 250 205 246 292 226 268 
293 226 257 232 286 296 221 234 203 227 
294 221 233 299 264 295 217 207 274 237 
246 228 281 273 221 243 219 220 240 239 
230 290 214 284 239 222 203 269 253 281 
209 268 239 290 228 264 292 213 213 255 
299 279 272 261 280 294 211 222 246 207 
204 264 231 278 256 255 281 249 299 210 
250 290 220 206 236 241 200 231 200 280 
249 283 273 294 283 299 298 274 205 296 
225 264 263 219 224 287 207 277 279 233 
299 234 206 255 258 211 271 238 273 263 
286 225 282 246 249 282 276 295 214 255 
216 224 275 232 292 288 283 257 278 210 
229 256 269 245 207 295 223 245 212 270 
232 244 287 248 294 231 235 214 270 200 
241 234 272 275 224 247 218 236 288 248 
236 213 256 281 235 278 223 255 259 220 
226 250 254 286 220 210 248 295 226 276 
271 270 248 296 
