304 338 364 367 355 328 366 333 387 357 
308 396 317 309 381 360 325 386 354 391 
387 328 308 311 345 339 309 391 304 393 
310 359 365 382 382 332 310 355 382 339 
366 352 310 376 329 390 388 399 357 311 
306 314 337 304 393 338 375 301 324 334 
363 393 318 326 397 363 382 318 354 350 
330 369 308 387 375 376 367 372 346 351 
345 333 350 371 355 341 308 357 316 358 
396 397 351 308 319 324 372 313 342 360 
397 389 347 394 363 325 371 360 323 385 
333 302 361 338 396 316 398 320 353 353 
326 319 301 341 323 329 378 380 361 332 
339 309 348 399 387 320 382 393 330 324 
317 313 315 314 371 361 344 330 320 304 
386 398 323 323 325 398 382 303 343 374 
370 384 377 319 374 393 381 330 362 361 
329 353 347 377 349 337 336 304 309 335 
371 370 385 358 310 339 356 379 332 308 
351 343 358 392 336 376 320 319 386 381 
360 394 386 316 306 335 327 309 332 368 
393 369 336 390 386 349 323 394 324 370 
341 397 313 304 376 317 393 380 321 350 
318 398 362 349 358 313 337 373 322 306 
398 332 338 301 368 308 351 364 300 319 
328 371 388 368 373 323 317 375 314 304 
398 324 356 354 349 305 341 311 389 357 
357 304 322 371 390 301 341 326 318 326 
373 344 315 329 360 368 368 333 363 336 
341 395 315 305 385 376 326 367 397 334 
371 394 371 310 371 355 317 333 311 365 
377 344 391 317 367 349 338 340 304 322 
377 347 331 322 343 304 383 380 307 379 
325 354 355 334 355 327 382 338 307 355 
309 340 343 320 373 343 331 378 339 344 
382 334 314 305 325 377 319 